{
 "cells": [
  {
   "cell_type": "code",
   "execution_count": 1,
   "metadata": {},
   "outputs": [],
   "source": [
    "%matplotlib inline\n",
    "import seaborn as sns\n",
    "import numpy as np\n",
    "import pandas as pd\n",
    "from matplotlib import pyplot as plt\n",
    "sns.set_style(\"darkgrid\")"
   ]
  },
  {
   "cell_type": "code",
   "execution_count": 46,
   "metadata": {},
   "outputs": [],
   "source": [
    "col_names = ['fire_occurrences.`precipitation_amount_mm`', 'fire_occurrences.`relative_humidity_%`', 'fire_occurrences.`specific_humidity_kg/kg`', 'fire_occurrences.`surface_downwelling_shortwave_flux_in_air_W_m-2`', 'fire_occurrences.`wind_from_direction_Degrees_Clockwise_from_north`', 'fire_occurrences.`wind_speed_m/s`', 'fire_occurrences.`max_air_temperature_K`', 'fire_occurrences.`min_air_temperature_K`', 'fire_occurrences.`burning_index_g_Unitless`', 'fire_occurrences.`dead_fuel_moisture_100hr_Percent`', 'fire_occurrences.`dead_fuel_moisture_1000hr_Percent`', 'fire_occurrences.`energy_release_component-g_Unitless`', 'fire_occurrences.`potential_evapotranspiration_mm`', 'fire_occurrences.`mean_vapor_pressure_deficit_kPa`', 'min.`7d_min_precipitation_amount_mm`', 'min.`7d_min_relative_humidity_%`', 'min.`7d_min_specific_humidity_kg/kg`', 'min.`7d_min_surface_downwelling_shortwave_flux_in_air_W_m-2`', 'min.`7d_min_wind_from_direction_Degrees_Clockwise_from_north`', 'min.`7d_min_wind_speed_m/s`', 'min.`7d_min_max_air_temperature_K`', 'min.`7d_min_min_air_temperature_K`', 'min.`7d_min_burning_index_g_Unitless`', 'min.`7d_min_dead_fuel_moisture_100hr_Percent`', 'min.`7d_min_dead_fuel_moisture_1000hr_Percent`', 'min.`7d_min_energy_release_component-g_Unitless`', 'min.`7d_min_potential_evapotranspiration_mm`', 'min.`7d_min_mean_vapor_pressure_deficit_kPa`', 'min.`14d_min_precipitation_amount_mm`', 'min.`14d_min_relative_humidity_%`', 'min.`14d_min_specific_humidity_kg/kg`', 'min.`14d_min_surface_downwelling_shortwave_flux_in_air_W_m-2`', 'min.`14d_min_wind_from_direction_Degrees_Clockwise_from_north`', 'min.`14d_min_wind_speed_m/s`', 'min.`14d_min_max_air_temperature_K`', 'min.`14d_min_min_air_temperature_K`', 'min.`14d_min_burning_index_g_Unitless`', 'min.`14d_min_dead_fuel_moisture_100hr_Percent`', 'min.`14d_min_dead_fuel_moisture_1000hr_Percent`', 'min.`14d_min_energy_release_component-g_Unitless`', 'min.`14d_min_potential_evapotranspiration_mm`', 'min.`14d_min_mean_vapor_pressure_deficit_kPa`', 'min.`21d_min_precipitation_amount_mm`', 'min.`21d_min_relative_humidity_%`', 'min.`21d_min_specific_humidity_kg/kg`', 'min.`21d_min_surface_downwelling_shortwave_flux_in_air_W_m-2`', 'min.`21d_min_wind_from_direction_Degrees_Clockwise_from_north`', 'min.`21d_min_wind_speed_m/s`', 'min.`21d_min_max_air_temperature_K`', 'min.`21d_min_min_air_temperature_K`', 'min.`21d_min_burning_index_g_Unitless`', 'min.`21d_min_dead_fuel_moisture_100hr_Percent`', 'min.`21d_min_dead_fuel_moisture_1000hr_Percent`', 'min.`21d_min_energy_release_component-g_Unitless`', 'min.`21d_min_potential_evapotranspiration_mm`', 'min.`21d_min_mean_vapor_pressure_deficit_kPa`', 'min.`30d_min_precipitation_amount_mm`', 'min.`30d_min_relative_humidity_%`', 'min.`30d_min_specific_humidity_kg/kg`', 'min.`30d_min_surface_downwelling_shortwave_flux_in_air_W_m-2`', 'min.`30d_min_wind_from_direction_Degrees_Clockwise_from_north`', 'min.`30d_min_wind_speed_m/s`', 'min.`30d_min_max_air_temperature_K`', 'min.`30d_min_min_air_temperature_K`', 'min.`30d_min_burning_index_g_Unitless`', 'min.`30d_min_dead_fuel_moisture_100hr_Percent`', 'min.`30d_min_dead_fuel_moisture_1000hr_Percent`', 'min.`30d_min_energy_release_component-g_Unitless`', 'min.`30d_min_potential_evapotranspiration_mm`', 'min.`30d_min_mean_vapor_pressure_deficit_kPa`', 'min.`60d_min_precipitation_amount_mm`', 'min.`60d_min_relative_humidity_%`', 'min.`60d_min_specific_humidity_kg/kg`', 'min.`60d_min_surface_downwelling_shortwave_flux_in_air_W_m-2`', 'min.`60d_min_wind_from_direction_Degrees_Clockwise_from_north`', 'min.`60d_min_wind_speed_m/s`', 'min.`60d_min_max_air_temperature_K`', 'min.`60d_min_min_air_temperature_K`', 'min.`60d_min_burning_index_g_Unitless`', 'min.`60d_min_dead_fuel_moisture_100hr_Percent`', 'min.`60d_min_dead_fuel_moisture_1000hr_Percent`', 'min.`60d_min_energy_release_component-g_Unitless`', 'min.`60d_min_potential_evapotranspiration_mm`', 'min.`60d_min_mean_vapor_pressure_deficit_kPa`', 'min.`90d_min_precipitation_amount_mm`', 'min.`90d_min_relative_humidity_%`', 'min.`90d_min_specific_humidity_kg/kg`', 'min.`90d_min_surface_downwelling_shortwave_flux_in_air_W_m-2`', 'min.`90d_min_wind_from_direction_Degrees_Clockwise_from_north`', 'min.`90d_min_wind_speed_m/s`', 'min.`90d_min_max_air_temperature_K`', 'min.`90d_min_min_air_temperature_K`', 'min.`90d_min_burning_index_g_Unitless`', 'min.`90d_min_dead_fuel_moisture_100hr_Percent`', 'min.`90d_min_dead_fuel_moisture_1000hr_Percent`', 'min.`90d_min_energy_release_component-g_Unitless`', 'min.`90d_min_potential_evapotranspiration_mm`', 'min.`90d_min_mean_vapor_pressure_deficit_kPa`', 'min.`180d_min_precipitation_amount_mm`', 'min.`180d_min_relative_humidity_%`', 'min.`180d_min_specific_humidity_kg/kg`', 'min.`180d_min_surface_downwelling_shortwave_flux_in_air_W_m-2`', 'min.`180d_min_wind_from_direction_Degrees_Clockwise_from_north`', 'min.`180d_min_wind_speed_m/s`', 'min.`180d_min_max_air_temperature_K`', 'min.`180d_min_min_air_temperature_K`', 'min.`180d_min_burning_index_g_Unitless`', 'min.`180d_min_dead_fuel_moisture_100hr_Percent`', 'min.`180d_min_dead_fuel_moisture_1000hr_Percent`', 'min.`180d_min_energy_release_component-g_Unitless`', 'min.`180d_min_potential_evapotranspiration_mm`', 'min.`180d_min_mean_vapor_pressure_deficit_kPa`', 'min.`365d_min_precipitation_amount_mm`', 'min.`365d_min_relative_humidity_%`', 'min.`365d_min_specific_humidity_kg/kg`', 'min.`365d_min_surface_downwelling_shortwave_flux_in_air_W_m-2`', 'min.`365d_min_wind_from_direction_Degrees_Clockwise_from_north`', 'min.`365d_min_wind_speed_m/s`', 'min.`365d_min_max_air_temperature_K`', 'min.`365d_min_min_air_temperature_K`', 'min.`365d_min_burning_index_g_Unitless`', 'min.`365d_min_dead_fuel_moisture_100hr_Percent`', 'min.`365d_min_dead_fuel_moisture_1000hr_Percent`', 'min.`365d_min_energy_release_component-g_Unitless`', 'min.`365d_min_potential_evapotranspiration_mm`', 'min.`365d_min_mean_vapor_pressure_deficit_kPa`', 'max.`7d_max_precipitation_amount_mm`', 'max.`7d_max_relative_humidity_%`', 'max.`7d_max_specific_humidity_kg/kg`', 'max.`7d_max_surface_downwelling_shortwave_flux_in_air_W_m-2`', 'max.`7d_max_wind_from_direction_Degrees_Clockwise_from_north`', 'max.`7d_max_wind_speed_m/s`', 'max.`7d_max_max_air_temperature_K`', 'max.`7d_max_min_air_temperature_K`', 'max.`7d_max_burning_index_g_Unitless`', 'max.`7d_max_dead_fuel_moisture_100hr_Percent`', 'max.`7d_max_dead_fuel_moisture_1000hr_Percent`', 'max.`7d_max_energy_release_component-g_Unitless`', 'max.`7d_max_potential_evapotranspiration_mm`', 'max.`7d_max_mean_vapor_pressure_deficit_kPa`', 'max.`14d_max_precipitation_amount_mm`', 'max.`14d_max_relative_humidity_%`', 'max.`14d_max_specific_humidity_kg/kg`', 'max.`14d_max_surface_downwelling_shortwave_flux_in_air_W_m-2`', 'max.`14d_max_wind_from_direction_Degrees_Clockwise_from_north`', 'max.`14d_max_wind_speed_m/s`', 'max.`14d_max_max_air_temperature_K`', 'max.`14d_max_min_air_temperature_K`', 'max.`14d_max_burning_index_g_Unitless`', 'max.`14d_max_dead_fuel_moisture_100hr_Percent`', 'max.`14d_max_dead_fuel_moisture_1000hr_Percent`', 'max.`14d_max_energy_release_component-g_Unitless`', 'max.`14d_max_potential_evapotranspiration_mm`', 'max.`14d_max_mean_vapor_pressure_deficit_kPa`', 'max.`21d_max_precipitation_amount_mm`', 'max.`21d_max_relative_humidity_%`', 'max.`21d_max_specific_humidity_kg/kg`', 'max.`21d_max_surface_downwelling_shortwave_flux_in_air_W_m-2`', 'max.`21d_max_wind_from_direction_Degrees_Clockwise_from_north`', 'max.`21d_max_wind_speed_m/s`', 'max.`21d_max_max_air_temperature_K`', 'max.`21d_max_min_air_temperature_K`', 'max.`21d_max_burning_index_g_Unitless`', 'max.`21d_max_dead_fuel_moisture_100hr_Percent`', 'max.`21d_max_dead_fuel_moisture_1000hr_Percent`', 'max.`21d_max_energy_release_component-g_Unitless`', 'max.`21d_max_potential_evapotranspiration_mm`', 'max.`21d_max_mean_vapor_pressure_deficit_kPa`', 'max.`30d_max_precipitation_amount_mm`', 'max.`30d_max_relative_humidity_%`', 'max.`30d_max_specific_humidity_kg/kg`', 'max.`30d_max_surface_downwelling_shortwave_flux_in_air_W_m-2`', 'max.`30d_max_wind_from_direction_Degrees_Clockwise_from_north`', 'max.`30d_max_wind_speed_m/s`', 'max.`30d_max_max_air_temperature_K`', 'max.`30d_max_min_air_temperature_K`', 'max.`30d_max_burning_index_g_Unitless`', 'max.`30d_max_dead_fuel_moisture_100hr_Percent`', 'max.`30d_max_dead_fuel_moisture_1000hr_Percent`', 'max.`30d_max_energy_release_component-g_Unitless`', 'max.`30d_max_potential_evapotranspiration_mm`', 'max.`30d_max_mean_vapor_pressure_deficit_kPa`', 'max.`60d_max_precipitation_amount_mm`', 'max.`60d_max_relative_humidity_%`', 'max.`60d_max_specific_humidity_kg/kg`', 'max.`60d_max_surface_downwelling_shortwave_flux_in_air_W_m-2`', 'max.`60d_max_wind_from_direction_Degrees_Clockwise_from_north`', 'max.`60d_max_wind_speed_m/s`', 'max.`60d_max_max_air_temperature_K`', 'max.`60d_max_min_air_temperature_K`', 'max.`60d_max_burning_index_g_Unitless`', 'max.`60d_max_dead_fuel_moisture_100hr_Percent`', 'max.`60d_max_dead_fuel_moisture_1000hr_Percent`', 'max.`60d_max_energy_release_component-g_Unitless`', 'max.`60d_max_potential_evapotranspiration_mm`', 'max.`60d_max_mean_vapor_pressure_deficit_kPa`', 'max.`90d_max_precipitation_amount_mm`', 'max.`90d_max_relative_humidity_%`', 'max.`90d_max_specific_humidity_kg/kg`', 'max.`90d_max_surface_downwelling_shortwave_flux_in_air_W_m-2`', 'max.`90d_max_wind_from_direction_Degrees_Clockwise_from_north`', 'max.`90d_max_wind_speed_m/s`', 'max.`90d_max_max_air_temperature_K`', 'max.`90d_max_min_air_temperature_K`', 'max.`90d_max_burning_index_g_Unitless`', 'max.`90d_max_dead_fuel_moisture_100hr_Percent`', 'max.`90d_max_dead_fuel_moisture_1000hr_Percent`', 'max.`90d_max_energy_release_component-g_Unitless`', 'max.`90d_max_potential_evapotranspiration_mm`', 'max.`90d_max_mean_vapor_pressure_deficit_kPa`', 'max.`180d_max_precipitation_amount_mm`', 'max.`180d_max_relative_humidity_%`', 'max.`180d_max_specific_humidity_kg/kg`', 'max.`180d_max_surface_downwelling_shortwave_flux_in_air_W_m-2`', 'max.`180d_max_wind_from_direction_Degrees_Clockwise_from_north`', 'max.`180d_max_wind_speed_m/s`', 'max.`180d_max_max_air_temperature_K`', 'max.`180d_max_min_air_temperature_K`', 'max.`180d_max_burning_index_g_Unitless`', 'max.`180d_max_dead_fuel_moisture_100hr_Percent`', 'max.`180d_max_dead_fuel_moisture_1000hr_Percent`', 'max.`180d_max_energy_release_component-g_Unitless`', 'max.`180d_max_potential_evapotranspiration_mm`', 'max.`180d_max_mean_vapor_pressure_deficit_kPa`', 'max.`365d_max_precipitation_amount_mm`', 'max.`365d_max_relative_humidity_%`', 'max.`365d_max_specific_humidity_kg/kg`', 'max.`365d_max_surface_downwelling_shortwave_flux_in_air_W_m-2`', 'max.`365d_max_wind_from_direction_Degrees_Clockwise_from_north`', 'max.`365d_max_wind_speed_m/s`', 'max.`365d_max_max_air_temperature_K`', 'max.`365d_max_min_air_temperature_K`', 'max.`365d_max_burning_index_g_Unitless`', 'max.`365d_max_dead_fuel_moisture_100hr_Percent`', 'max.`365d_max_dead_fuel_moisture_1000hr_Percent`', 'max.`365d_max_energy_release_component-g_Unitless`', 'max.`365d_max_potential_evapotranspiration_mm`', 'max.`365d_max_mean_vapor_pressure_deficit_kPa`', 'mean.`7d_mean_precipitation_amount_mm`', 'mean.`7d_mean_relative_humidity_%`', 'mean.`7d_mean_specific_humidity_kg/kg`', 'mean.`7d_mean_surface_downwelling_shortwave_flux_in_air_W_m-2`', 'mean.`7d_mean_wind_from_direction_Degrees_Clockwise_from_north`', 'mean.`7d_mean_wind_speed_m/s`', 'mean.`7d_mean_max_air_temperature_K`', 'mean.`7d_mean_min_air_temperature_K`', 'mean.`7d_mean_burning_index_g_Unitless`', 'mean.`7d_mean_dead_fuel_moisture_100hr_Percent`', 'mean.`7d_mean_dead_fuel_moisture_1000hr_Percent`', 'mean.`7d_mean_energy_release_component-g_Unitless`', 'mean.`7d_mean_potential_evapotranspiration_mm`', 'mean.`7d_mean_mean_vapor_pressure_deficit_kPa`', 'mean.`14d_mean_precipitation_amount_mm`', 'mean.`14d_mean_relative_humidity_%`', 'mean.`14d_mean_specific_humidity_kg/kg`', 'mean.`14d_mean_surface_downwelling_shortwave_flux_in_air_W_m-2`', 'mean.`14d_mean_wind_from_direction_Degrees_Clockwise_from_north`', 'mean.`14d_mean_wind_speed_m/s`', 'mean.`14d_mean_max_air_temperature_K`', 'mean.`14d_mean_min_air_temperature_K`', 'mean.`14d_mean_burning_index_g_Unitless`', 'mean.`14d_mean_dead_fuel_moisture_100hr_Percent`', 'mean.`14d_mean_dead_fuel_moisture_1000hr_Percent`', 'mean.`14d_mean_energy_release_component-g_Unitless`', 'mean.`14d_mean_potential_evapotranspiration_mm`', 'mean.`14d_mean_mean_vapor_pressure_deficit_kPa`', 'mean.`21d_mean_precipitation_amount_mm`', 'mean.`21d_mean_relative_humidity_%`', 'mean.`21d_mean_specific_humidity_kg/kg`', 'mean.`21d_mean_surface_downwelling_shortwave_flux_in_air_W_m-2`', 'mean.`21d_mean_wind_from_direction_Degrees_Clockwise_from_north`', 'mean.`21d_mean_wind_speed_m/s`', 'mean.`21d_mean_max_air_temperature_K`', 'mean.`21d_mean_min_air_temperature_K`', 'mean.`21d_mean_burning_index_g_Unitless`', 'mean.`21d_mean_dead_fuel_moisture_100hr_Percent`', 'mean.`21d_mean_dead_fuel_moisture_1000hr_Percent`', 'mean.`21d_mean_energy_release_component-g_Unitless`', 'mean.`21d_mean_potential_evapotranspiration_mm`', 'mean.`21d_mean_mean_vapor_pressure_deficit_kPa`', 'mean.`30d_mean_precipitation_amount_mm`', 'mean.`30d_mean_relative_humidity_%`', 'mean.`30d_mean_specific_humidity_kg/kg`', 'mean.`30d_mean_surface_downwelling_shortwave_flux_in_air_W_m-2`', 'mean.`30d_mean_wind_from_direction_Degrees_Clockwise_from_north`', 'mean.`30d_mean_wind_speed_m/s`', 'mean.`30d_mean_max_air_temperature_K`', 'mean.`30d_mean_min_air_temperature_K`', 'mean.`30d_mean_burning_index_g_Unitless`', 'mean.`30d_mean_dead_fuel_moisture_100hr_Percent`', 'mean.`30d_mean_dead_fuel_moisture_1000hr_Percent`', 'mean.`30d_mean_energy_release_component-g_Unitless`', 'mean.`30d_mean_potential_evapotranspiration_mm`', 'mean.`30d_mean_mean_vapor_pressure_deficit_kPa`', 'mean.`60d_mean_precipitation_amount_mm`', 'mean.`60d_mean_relative_humidity_%`', 'mean.`60d_mean_specific_humidity_kg/kg`', 'mean.`60d_mean_surface_downwelling_shortwave_flux_in_air_W_m-2`', 'mean.`60d_mean_wind_from_direction_Degrees_Clockwise_from_north`', 'mean.`60d_mean_wind_speed_m/s`', 'mean.`60d_mean_max_air_temperature_K`', 'mean.`60d_mean_min_air_temperature_K`', 'mean.`60d_mean_burning_index_g_Unitless`', 'mean.`60d_mean_dead_fuel_moisture_100hr_Percent`', 'mean.`60d_mean_dead_fuel_moisture_1000hr_Percent`', 'mean.`60d_mean_energy_release_component-g_Unitless`', 'mean.`60d_mean_potential_evapotranspiration_mm`', 'mean.`60d_mean_mean_vapor_pressure_deficit_kPa`', 'mean.`90d_mean_precipitation_amount_mm`', 'mean.`90d_mean_relative_humidity_%`', 'mean.`90d_mean_specific_humidity_kg/kg`', 'mean.`90d_mean_surface_downwelling_shortwave_flux_in_air_W_m-2`', 'mean.`90d_mean_wind_from_direction_Degrees_Clockwise_from_north`', 'mean.`90d_mean_wind_speed_m/s`', 'mean.`90d_mean_max_air_temperature_K`', 'mean.`90d_mean_min_air_temperature_K`', 'mean.`90d_mean_burning_index_g_Unitless`', 'mean.`90d_mean_dead_fuel_moisture_100hr_Percent`', 'mean.`90d_mean_dead_fuel_moisture_1000hr_Percent`', 'mean.`90d_mean_energy_release_component-g_Unitless`', 'mean.`90d_mean_potential_evapotranspiration_mm`', 'mean.`90d_mean_mean_vapor_pressure_deficit_kPa`', 'mean.`180d_mean_precipitation_amount_mm`', 'mean.`180d_mean_relative_humidity_%`', 'mean.`180d_mean_specific_humidity_kg/kg`', 'mean.`180d_mean_surface_downwelling_shortwave_flux_in_air_W_m-2`', 'mean.`180d_mean_wind_from_direction_Degrees_Clockwise_from_north`', 'mean.`180d_mean_wind_speed_m/s`', 'mean.`180d_mean_max_air_temperature_K`', 'mean.`180d_mean_min_air_temperature_K`', 'mean.`180d_mean_burning_index_g_Unitless`', 'mean.`180d_mean_dead_fuel_moisture_100hr_Percent`', 'mean.`180d_mean_dead_fuel_moisture_1000hr_Percent`', 'mean.`180d_mean_energy_release_component-g_Unitless`', 'mean.`180d_mean_potential_evapotranspiration_mm`', 'mean.`180d_mean_mean_vapor_pressure_deficit_kPa`', 'mean.`365d_mean_precipitation_amount_mm`', 'mean.`365d_mean_relative_humidity_%`', 'mean.`365d_mean_specific_humidity_kg/kg`', 'mean.`365d_mean_surface_downwelling_shortwave_flux_in_air_W_m-2`', 'mean.`365d_mean_wind_from_direction_Degrees_Clockwise_from_north`', 'mean.`365d_mean_wind_speed_m/s`', 'mean.`365d_mean_max_air_temperature_K`', 'mean.`365d_mean_min_air_temperature_K`', 'mean.`365d_mean_burning_index_g_Unitless`', 'mean.`365d_mean_dead_fuel_moisture_100hr_Percent`', 'mean.`365d_mean_dead_fuel_moisture_1000hr_Percent`', 'mean.`365d_mean_energy_release_component-g_Unitless`', 'mean.`365d_mean_potential_evapotranspiration_mm`', 'mean.`365d_mean_mean_vapor_pressure_deficit_kPa`', 'cumulative.`7d_cumulative_precipitation_amount_mm`', 'cumulative.`7d_cumulative_relative_humidity_%`', 'cumulative.`7d_cumulative_specific_humidity_kg/kg`', 'cumulative.`7d_cumulative_surface_downwelling_shortwave_flux_in_air_W_m-2`', 'cumulative.`7d_cumulative_wind_from_direction_Degrees_Clockwise_from_north`', 'cumulative.`7d_cumulative_wind_speed_m/s`', 'cumulative.`7d_cumulative_max_air_temperature_K`', 'cumulative.`7d_cumulative_min_air_temperature_K`', 'cumulative.`7d_cumulative_burning_index_g_Unitless`', 'cumulative.`7d_cumulative_dead_fuel_moisture_100hr_Percent`', 'cumulative.`7d_cumulative_dead_fuel_moisture_1000hr_Percent`', 'cumulative.`7d_cumulative_energy_release_component-g_Unitless`', 'cumulative.`7d_cumulative_potential_evapotranspiration_mm`', 'cumulative.`7d_cumulative_mean_vapor_pressure_deficit_kPa`', 'cumulative.`14d_cumulative_precipitation_amount_mm`', 'cumulative.`14d_cumulative_relative_humidity_%`', 'cumulative.`14d_cumulative_specific_humidity_kg/kg`', 'cumulative.`14d_cumulative_surface_downwelling_shortwave_flux_in_air_W_m-2`', 'cumulative.`14d_cumulative_wind_from_direction_Degrees_Clockwise_from_north`', 'cumulative.`14d_cumulative_wind_speed_m/s`', 'cumulative.`14d_cumulative_max_air_temperature_K`', 'cumulative.`14d_cumulative_min_air_temperature_K`', 'cumulative.`14d_cumulative_burning_index_g_Unitless`', 'cumulative.`14d_cumulative_dead_fuel_moisture_100hr_Percent`', 'cumulative.`14d_cumulative_dead_fuel_moisture_1000hr_Percent`', 'cumulative.`14d_cumulative_energy_release_component-g_Unitless`', 'cumulative.`14d_cumulative_potential_evapotranspiration_mm`', 'cumulative.`14d_cumulative_mean_vapor_pressure_deficit_kPa`', 'cumulative.`21d_cumulative_precipitation_amount_mm`', 'cumulative.`21d_cumulative_relative_humidity_%`', 'cumulative.`21d_cumulative_specific_humidity_kg/kg`', 'cumulative.`21d_cumulative_surface_downwelling_shortwave_flux_in_air_W_m-2`', 'cumulative.`21d_cumulative_wind_from_direction_Degrees_Clockwise_from_north`', 'cumulative.`21d_cumulative_wind_speed_m/s`', 'cumulative.`21d_cumulative_max_air_temperature_K`', 'cumulative.`21d_cumulative_min_air_temperature_K`', 'cumulative.`21d_cumulative_burning_index_g_Unitless`', 'cumulative.`21d_cumulative_dead_fuel_moisture_100hr_Percent`', 'cumulative.`21d_cumulative_dead_fuel_moisture_1000hr_Percent`', 'cumulative.`21d_cumulative_energy_release_component-g_Unitless`', 'cumulative.`21d_cumulative_potential_evapotranspiration_mm`', 'cumulative.`21d_cumulative_mean_vapor_pressure_deficit_kPa`', 'cumulative.`30d_cumulative_precipitation_amount_mm`', 'cumulative.`30d_cumulative_relative_humidity_%`', 'cumulative.`30d_cumulative_specific_humidity_kg/kg`', 'cumulative.`30d_cumulative_surface_downwelling_shortwave_flux_in_air_W_m-2`', 'cumulative.`30d_cumulative_wind_from_direction_Degrees_Clockwise_from_north`', 'cumulative.`30d_cumulative_wind_speed_m/s`', 'cumulative.`30d_cumulative_max_air_temperature_K`', 'cumulative.`30d_cumulative_min_air_temperature_K`', 'cumulative.`30d_cumulative_burning_index_g_Unitless`', 'cumulative.`30d_cumulative_dead_fuel_moisture_100hr_Percent`', 'cumulative.`30d_cumulative_dead_fuel_moisture_1000hr_Percent`', 'cumulative.`30d_cumulative_energy_release_component-g_Unitless`', 'cumulative.`30d_cumulative_potential_evapotranspiration_mm`', 'cumulative.`30d_cumulative_mean_vapor_pressure_deficit_kPa`', 'cumulative.`60d_cumulative_precipitation_amount_mm`', 'cumulative.`60d_cumulative_relative_humidity_%`', 'cumulative.`60d_cumulative_specific_humidity_kg/kg`', 'cumulative.`60d_cumulative_surface_downwelling_shortwave_flux_in_air_W_m-2`', 'cumulative.`60d_cumulative_wind_from_direction_Degrees_Clockwise_from_north`', 'cumulative.`60d_cumulative_wind_speed_m/s`', 'cumulative.`60d_cumulative_max_air_temperature_K`', 'cumulative.`60d_cumulative_min_air_temperature_K`', 'cumulative.`60d_cumulative_burning_index_g_Unitless`', 'cumulative.`60d_cumulative_dead_fuel_moisture_100hr_Percent`', 'cumulative.`60d_cumulative_dead_fuel_moisture_1000hr_Percent`', 'cumulative.`60d_cumulative_energy_release_component-g_Unitless`', 'cumulative.`60d_cumulative_potential_evapotranspiration_mm`', 'cumulative.`60d_cumulative_mean_vapor_pressure_deficit_kPa`', 'cumulative.`90d_cumulative_precipitation_amount_mm`', 'cumulative.`90d_cumulative_relative_humidity_%`', 'cumulative.`90d_cumulative_specific_humidity_kg/kg`', 'cumulative.`90d_cumulative_surface_downwelling_shortwave_flux_in_air_W_m-2`', 'cumulative.`90d_cumulative_wind_from_direction_Degrees_Clockwise_from_north`', 'cumulative.`90d_cumulative_wind_speed_m/s`', 'cumulative.`90d_cumulative_max_air_temperature_K`', 'cumulative.`90d_cumulative_min_air_temperature_K`', 'cumulative.`90d_cumulative_burning_index_g_Unitless`', 'cumulative.`90d_cumulative_dead_fuel_moisture_100hr_Percent`', 'cumulative.`90d_cumulative_dead_fuel_moisture_1000hr_Percent`', 'cumulative.`90d_cumulative_energy_release_component-g_Unitless`', 'cumulative.`90d_cumulative_potential_evapotranspiration_mm`', 'cumulative.`90d_cumulative_mean_vapor_pressure_deficit_kPa`', 'cumulative.`180d_cumulative_precipitation_amount_mm`', 'cumulative.`180d_cumulative_relative_humidity_%`', 'cumulative.`180d_cumulative_specific_humidity_kg/kg`', 'cumulative.`180d_cumulative_surface_downwelling_shortwave_flux_in_air_W_m-2`', 'cumulative.`180d_cumulative_wind_from_direction_Degrees_Clockwise_from_north`', 'cumulative.`180d_cumulative_wind_speed_m/s`', 'cumulative.`180d_cumulative_max_air_temperature_K`', 'cumulative.`180d_cumulative_min_air_temperature_K`', 'cumulative.`180d_cumulative_burning_index_g_Unitless`', 'cumulative.`180d_cumulative_dead_fuel_moisture_100hr_Percent`', 'cumulative.`180d_cumulative_dead_fuel_moisture_1000hr_Percent`', 'cumulative.`180d_cumulative_energy_release_component-g_Unitless`', 'cumulative.`180d_cumulative_potential_evapotranspiration_mm`', 'cumulative.`180d_cumulative_mean_vapor_pressure_deficit_kPa`', 'cumulative.`365d_cumulative_precipitation_amount_mm`', 'cumulative.`365d_cumulative_relative_humidity_%`', 'cumulative.`365d_cumulative_specific_humidity_kg/kg`', 'cumulative.`365d_cumulative_surface_downwelling_shortwave_flux_in_air_W_m-2`', 'cumulative.`365d_cumulative_wind_from_direction_Degrees_Clockwise_from_north`', 'cumulative.`365d_cumulative_wind_speed_m/s`', 'cumulative.`365d_cumulative_max_air_temperature_K`', 'cumulative.`365d_cumulative_min_air_temperature_K`', 'cumulative.`365d_cumulative_burning_index_g_Unitless`', 'cumulative.`365d_cumulative_dead_fuel_moisture_100hr_Percent`', 'cumulative.`365d_cumulative_dead_fuel_moisture_1000hr_Percent`', 'cumulative.`365d_cumulative_energy_release_component-g_Unitless`', 'cumulative.`365d_cumulative_potential_evapotranspiration_mm`', 'cumulative.`365d_cumulative_mean_vapor_pressure_deficit_kPa`', 'std.`7d_std_precipitation_amount_mm`', 'std.`7d_std_relative_humidity_%`', 'std.`7d_std_specific_humidity_kg/kg`', 'std.`7d_std_surface_downwelling_shortwave_flux_in_air_W_m-2`', 'std.`7d_std_wind_from_direction_Degrees_Clockwise_from_north`', 'std.`7d_std_wind_speed_m/s`', 'std.`7d_std_max_air_temperature_K`', 'std.`7d_std_min_air_temperature_K`', 'std.`7d_std_burning_index_g_Unitless`', 'std.`7d_std_dead_fuel_moisture_100hr_Percent`', 'std.`7d_std_dead_fuel_moisture_1000hr_Percent`', 'std.`7d_std_energy_release_component-g_Unitless`', 'std.`7d_std_potential_evapotranspiration_mm`', 'std.`7d_std_mean_vapor_pressure_deficit_kPa`', 'std.`14d_std_precipitation_amount_mm`', 'std.`14d_std_relative_humidity_%`', 'std.`14d_std_specific_humidity_kg/kg`', 'std.`14d_std_surface_downwelling_shortwave_flux_in_air_W_m-2`', 'std.`14d_std_wind_from_direction_Degrees_Clockwise_from_north`', 'std.`14d_std_wind_speed_m/s`', 'std.`14d_std_max_air_temperature_K`', 'std.`14d_std_min_air_temperature_K`', 'std.`14d_std_burning_index_g_Unitless`', 'std.`14d_std_dead_fuel_moisture_100hr_Percent`', 'std.`14d_std_dead_fuel_moisture_1000hr_Percent`', 'std.`14d_std_energy_release_component-g_Unitless`', 'std.`14d_std_potential_evapotranspiration_mm`', 'std.`14d_std_mean_vapor_pressure_deficit_kPa`', 'std.`21d_std_precipitation_amount_mm`', 'std.`21d_std_relative_humidity_%`', 'std.`21d_std_specific_humidity_kg/kg`', 'std.`21d_std_surface_downwelling_shortwave_flux_in_air_W_m-2`', 'std.`21d_std_wind_from_direction_Degrees_Clockwise_from_north`', 'std.`21d_std_wind_speed_m/s`', 'std.`21d_std_max_air_temperature_K`', 'std.`21d_std_min_air_temperature_K`', 'std.`21d_std_burning_index_g_Unitless`', 'std.`21d_std_dead_fuel_moisture_100hr_Percent`', 'std.`21d_std_dead_fuel_moisture_1000hr_Percent`', 'std.`21d_std_energy_release_component-g_Unitless`', 'std.`21d_std_potential_evapotranspiration_mm`', 'std.`21d_std_mean_vapor_pressure_deficit_kPa`', 'std.`30d_std_precipitation_amount_mm`', 'std.`30d_std_relative_humidity_%`', 'std.`30d_std_specific_humidity_kg/kg`', 'std.`30d_std_surface_downwelling_shortwave_flux_in_air_W_m-2`', 'std.`30d_std_wind_from_direction_Degrees_Clockwise_from_north`', 'std.`30d_std_wind_speed_m/s`', 'std.`30d_std_max_air_temperature_K`', 'std.`30d_std_min_air_temperature_K`', 'std.`30d_std_burning_index_g_Unitless`', 'std.`30d_std_dead_fuel_moisture_100hr_Percent`', 'std.`30d_std_dead_fuel_moisture_1000hr_Percent`', 'std.`30d_std_energy_release_component-g_Unitless`', 'std.`30d_std_potential_evapotranspiration_mm`', 'std.`30d_std_mean_vapor_pressure_deficit_kPa`', 'std.`60d_std_precipitation_amount_mm`', 'std.`60d_std_relative_humidity_%`', 'std.`60d_std_specific_humidity_kg/kg`', 'std.`60d_std_surface_downwelling_shortwave_flux_in_air_W_m-2`', 'std.`60d_std_wind_from_direction_Degrees_Clockwise_from_north`', 'std.`60d_std_wind_speed_m/s`', 'std.`60d_std_max_air_temperature_K`', 'std.`60d_std_min_air_temperature_K`', 'std.`60d_std_burning_index_g_Unitless`', 'std.`60d_std_dead_fuel_moisture_100hr_Percent`', 'std.`60d_std_dead_fuel_moisture_1000hr_Percent`', 'std.`60d_std_energy_release_component-g_Unitless`', 'std.`60d_std_potential_evapotranspiration_mm`', 'std.`60d_std_mean_vapor_pressure_deficit_kPa`', 'std.`90d_std_precipitation_amount_mm`', 'std.`90d_std_relative_humidity_%`', 'std.`90d_std_specific_humidity_kg/kg`', 'std.`90d_std_surface_downwelling_shortwave_flux_in_air_W_m-2`', 'std.`90d_std_wind_from_direction_Degrees_Clockwise_from_north`', 'std.`90d_std_wind_speed_m/s`', 'std.`90d_std_max_air_temperature_K`', 'std.`90d_std_min_air_temperature_K`', 'std.`90d_std_burning_index_g_Unitless`', 'std.`90d_std_dead_fuel_moisture_100hr_Percent`', 'std.`90d_std_dead_fuel_moisture_1000hr_Percent`', 'std.`90d_std_energy_release_component-g_Unitless`', 'std.`90d_std_potential_evapotranspiration_mm`', 'std.`90d_std_mean_vapor_pressure_deficit_kPa`', 'std.`180d_std_precipitation_amount_mm`', 'std.`180d_std_relative_humidity_%`', 'std.`180d_std_specific_humidity_kg/kg`', 'std.`180d_std_surface_downwelling_shortwave_flux_in_air_W_m-2`', 'std.`180d_std_wind_from_direction_Degrees_Clockwise_from_north`', 'std.`180d_std_wind_speed_m/s`', 'std.`180d_std_max_air_temperature_K`', 'std.`180d_std_min_air_temperature_K`', 'std.`180d_std_burning_index_g_Unitless`', 'std.`180d_std_dead_fuel_moisture_100hr_Percent`', 'std.`180d_std_dead_fuel_moisture_1000hr_Percent`', 'std.`180d_std_energy_release_component-g_Unitless`', 'std.`180d_std_potential_evapotranspiration_mm`', 'std.`180d_std_mean_vapor_pressure_deficit_kPa`', 'std.`365d_std_precipitation_amount_mm`', 'std.`365d_std_relative_humidity_%`', 'std.`365d_std_specific_humidity_kg/kg`', 'std.`365d_std_surface_downwelling_shortwave_flux_in_air_W_m-2`', 'std.`365d_std_wind_from_direction_Degrees_Clockwise_from_north`', 'std.`365d_std_wind_speed_m/s`', 'std.`365d_std_max_air_temperature_K`', 'std.`365d_std_min_air_temperature_K`', 'std.`365d_std_burning_index_g_Unitless`', 'std.`365d_std_dead_fuel_moisture_100hr_Percent`', 'std.`365d_std_dead_fuel_moisture_1000hr_Percent`', 'std.`365d_std_energy_release_component-g_Unitless`', 'std.`365d_std_potential_evapotranspiration_mm`', 'std.`365d_std_mean_vapor_pressure_deficit_kPa`']"
   ]
  },
  {
   "cell_type": "code",
   "execution_count": 47,
   "metadata": {},
   "outputs": [
    {
     "data": {
      "text/plain": [
       "574"
      ]
     },
     "execution_count": 47,
     "metadata": {},
     "output_type": "execute_result"
    }
   ],
   "source": [
    "len(col_names)"
   ]
  },
  {
   "cell_type": "code",
   "execution_count": 108,
   "metadata": {},
   "outputs": [],
   "source": [
    "corrs = np.asarray([[[1.0, 0.9964235843141751, 0.9859773726106559, 0.9829596966183628, -0.9646011917383406], [0.9964235843141751, 1.0, 0.9844784898650342, 0.9864909550416568, -0.9674872776125595], [0.9859773726106559, 0.9844784898650342, 1.0, 0.9980009142856752, -0.9733293052873201], [0.9829596966183628, 0.9864909550416568, 0.9980009142856752, 1.0, -0.9748682833210831], [-0.9646011917383406, -0.9674872776125595, -0.9733293052873201, -0.9748682833210831, 1.0]], [[1.0, 0.9988446680067404, 0.9099965098427751, 0.9855744969469846, 0.955399200805302], [0.9988446680067404, 1.0, 0.9077610266396211, 0.98441351755793, 0.954516327952854], [0.9099965098427751, 0.9077610266396211, 1.0, 0.9029517378193935, 0.8599763489700288], [0.9855744969469846, 0.98441351755793, 0.9029517378193935, 1.0, 0.9241605638505703], [0.955399200805302, 0.954516327952854, 0.8599763489700288, 0.9241605638505703, 1.0]], [[1.0, -0.5330036109045749, -0.6077197907564494, -0.4981667200757462, -0.4300485429478684], [-0.5330036109045749, 1.0, 0.9471137578460247, 0.8318151579345279, 0.32116268658210856], [-0.6077197907564494, 0.9471137578460247, 1.0, 0.8777663732284945, 0.30696700647307207], [-0.4981667200757462, 0.8318151579345279, 0.8777663732284945, 1.0, 0.4031698732495122], [-0.4300485429478684, 0.32116268658210856, 0.30696700647307207, 0.4031698732495122, 1.0]], [[1.0, 0.9912430554045142, 0.8716690504800213, 0.8770663027189768, 0.754016466258272], [0.9912430554045142, 1.0, 0.8810385978371881, 0.8622246641422942, 0.7646250512356766], [0.8716690504800213, 0.8810385978371881, 1.0, 0.9812013778291208, 0.9537728406766918], [0.8770663027189768, 0.8622246641422942, 0.9812013778291208, 1.0, 0.9355545162437714], [0.754016466258272, 0.7646250512356766, 0.9537728406766918, 0.9355545162437714, 1.0]], [[1.0, 0.523780961266091, 0.42897358407215064, 0.7767950849857715, 0.3231506250630029], [0.523780961266091, 1.0, 0.9454309079010518, 0.8061244108530878, 0.7980450977845631], [0.42897358407215064, 0.9454309079010518, 1.0, 0.6649109669886912, 0.8977035544907803], [0.7767950849857715, 0.8061244108530878, 0.6649109669886912, 1.0, 0.48449327634273287], [0.3231506250630029, 0.7980450977845631, 0.8977035544907803, 0.48449327634273287, 1.0]], [[1.0, 0.995388976738565, 0.9326191792302938, 0.9241036153746479, 0.8510426856367314], [0.995388976738565, 1.0, 0.9283105200413218, 0.9318763623062234, 0.8470110646755853], [0.9326191792302938, 0.9283105200413218, 1.0, 0.991004111642955, 0.7881302685225136], [0.9241036153746479, 0.9318763623062234, 0.991004111642955, 1.0, 0.7803383724097152], [0.8510426856367314, 0.8470110646755853, 0.7881302685225136, 0.7803383724097152, 1.0]], [[1.0, 0.8214903843757502, 0.6674183981081826, 0.570354468245778, 0.5868924899564368], [0.8214903843757502, 1.0, 0.7363024761535488, 0.4150246720115135, 0.4291512095152967], [0.6674183981081826, 0.7363024761535488, 1.0, -0.06944478478140133, -0.041816191435524834], [0.570354468245778, 0.4150246720115135, -0.06944478478140133, 1.0, 0.9912430554045142], [0.5868924899564368, 0.4291512095152967, -0.041816191435524834, 0.9912430554045142, 1.0]], [[1.0, 0.29423635995063124, 0.013716765759152158, -0.058394840876111215, 0.6353875944257807], [0.29423635995063124, 1.0, 0.00706577818319415, 0.00850625836244249, 0.4490487369288041], [0.013716765759152158, 0.00706577818319415, 1.0, -0.6859193483769476, -0.14305118581349946], [-0.058394840876111215, 0.00850625836244249, -0.6859193483769476, 1.0, 0.0030716504687709487], [0.6353875944257807, 0.4490487369288041, -0.14305118581349946, 0.0030716504687709487, 1.0]], [[1.0, 0.8552492474565891, 0.7361733112975832, 0.7254136334208436, 0.11307954768242727], [0.8552492474565891, 1.0, 0.6114638462900926, 0.8739939253887139, 0.13706431565440744], [0.7361733112975832, 0.6114638462900926, 1.0, 0.5239087140021373, 0.0741208285636533], [0.7254136334208436, 0.8739939253887139, 0.5239087140021373, 1.0, 0.15858913696629828], [0.11307954768242727, 0.13706431565440744, 0.0741208285636533, 0.15858913696629828, 1.0]], [[1.0, 0.8551547434364215, -0.12500296932738794, 0.5649102302677743, -0.6210527489035084], [0.8551547434364215, 1.0, -0.14860792139129186, 0.5624312634086995, -0.5505198347032592], [-0.12500296932738794, -0.14860792139129186, 1.0, -0.23900317335228718, 0.09550261314882413], [0.5649102302677743, 0.5624312634086995, -0.23900317335228718, 1.0, -0.5702979784624956], [-0.6210527489035084, -0.5505198347032592, 0.09550261314882413, -0.5702979784624956, 1.0]], [[1.0, 0.816982575362526, 0.7752848515114458, -0.09913194034667952, 0.5933970439724503], [0.816982575362526, 1.0, 0.6962799363496631, -0.12277338704071325, 0.7302603316141871], [0.7752848515114458, 0.6962799363496631, 1.0, -0.1319117499981193, 0.813441307458816], [-0.09913194034667952, -0.12277338704071325, -0.1319117499981193, 1.0, -0.17066377869312443], [0.5933970439724503, 0.7302603316141871, 0.813441307458816, -0.17066377869312443, 1.0]], [[1.0, 0.9999975943711517, 0.9514880438816405, 0.9449495579768616, 0.7909862103098263], [0.9999975943711517, 1.0, 0.9514812849583729, 0.9449460970140288, 0.790979850023524], [0.9514880438816405, 0.9514812849583729, 1.0, 0.9973426668410119, 0.7726452846411236], [0.9449495579768616, 0.9449460970140288, 0.9973426668410119, 1.0, 0.768604288489597], [0.7909862103098263, 0.790979850023524, 0.7726452846411236, 0.768604288489597, 1.0]], [[1.0, 0.7711222632183449, -0.013946483641859873, 0.6040653496169058, -0.02770694623022224], [0.7711222632183449, 1.0, 0.12083494924466368, 0.840590236969118, 0.13862422284175785], [-0.013946483641859873, 0.12083494924466368, 1.0, 0.1557496944549437, 0.12413272154291664], [0.6040653496169058, 0.840590236969118, 0.1557496944549437, 1.0, 0.2630306481562784], [-0.02770694623022224, 0.13862422284175785, 0.12413272154291664, 0.2630306481562784, 1.0]], [[1.0, 0.8067983188397333, -0.2880855810841599, 0.7323854012706247, -0.028729354893068073], [0.8067983188397333, 1.0, -0.32301271097682827, 0.4628700547134185, -0.023302185176010733], [-0.2880855810841599, -0.32301271097682827, 1.0, -0.17070854707956726, 0.5651069234708781], [0.7323854012706247, 0.4628700547134185, -0.17070854707956726, 1.0, -0.03619050992075145], [-0.028729354893068073, -0.023302185176010733, 0.5651069234708781, -0.03619050992075145, 1.0]], [[1.0, -0.3804517290915933, -0.31722813737148525, 0.7752848515114458, -0.4648317549510917], [-0.3804517290915933, 1.0, 0.8342683436927529, -0.5108267146324232, 0.8399615629494448], [-0.31722813737148525, 0.8342683436927529, 1.0, -0.42357241744634105, 0.6956004705901188], [0.7752848515114458, -0.5108267146324232, -0.42357241744634105, 1.0, -0.6255723013814984], [-0.4648317549510917, 0.8399615629494448, 0.6956004705901188, -0.6255723013814984, 1.0]], [[1.0, -0.1741458545492266, 0.14337443191797353, 0.38812786295680446, 0.16557198895283934], [-0.1741458545492266, 1.0, -0.3445934482144655, -0.08283125178391595, -0.33529702150006363], [0.14337443191797353, -0.3445934482144655, 1.0, 0.11861824442256647, 0.9690887462468931], [0.38812786295680446, -0.08283125178391595, 0.11861824442256647, 1.0, 0.11130849654202708], [0.16557198895283934, -0.33529702150006363, 0.9690887462468931, 0.11130849654202708, 1.0]], [[1.0, -0.3194065499072046, 0.02423910856252244, 0.029204089167895624, 0.030814812442012937], [-0.3194065499072046, 1.0, -0.04436024243635924, -0.024777684594092696, -0.11255609204079547], [0.02423910856252244, -0.04436024243635924, 1.0, 0.9131758122066838, 0.7723866209210357], [0.029204089167895624, -0.024777684594092696, 0.9131758122066838, 1.0, 0.7032608205334029], [0.030814812442012937, -0.11255609204079547, 0.7723866209210357, 0.7032608205334029, 1.0]], [[1.0, 0.4748543639497072, 0.4978225555330386, 0.4422146383256671, 0.7315805670942391], [0.4748543639497072, 1.0, 0.9131758122066838, 0.8859221493851309, 0.5093690518990162], [0.4978225555330386, 0.9131758122066838, 1.0, 0.8125500622235747, 0.5634839805262322], [0.4422146383256671, 0.8859221493851309, 0.8125500622235747, 1.0, 0.4470674716916065], [0.7315805670942391, 0.5093690518990162, 0.5634839805262322, 0.4470674716916065, 1.0]], [[1.0, 0.044467094671651795, -0.04324675466324121, 0.3298261663142085, 0.31029807866071246], [0.044467094671651795, 1.0, -0.2301922332403156, 0.39941505894214735, 0.018402988699837527], [-0.04324675466324121, -0.2301922332403156, 1.0, 0.004732760408779275, -0.5434719036129533], [0.3298261663142085, 0.39941505894214735, 0.004732760408779275, 1.0, 0.34404843932809215], [0.31029807866071246, 0.018402988699837527, -0.5434719036129533, 0.34404843932809215, 1.0]], [[1.0, 0.8429897005505462, 0.7443588158722435, -0.07313131598742754, 0.17328636786671217], [0.8429897005505462, 1.0, 0.6149665179208473, -0.09150480955219095, 0.14932405093484735], [0.7443588158722435, 0.6149665179208473, 1.0, -0.054192484063874814, 0.22215483466688923], [-0.07313131598742754, -0.09150480955219095, -0.054192484063874814, 1.0, 0.0680702388379542], [0.17328636786671217, 0.14932405093484735, 0.22215483466688923, 0.0680702388379542, 1.0]]])\n",
